EPSG:4326
-119.879992097	34.4082988202	0	3483	729	IMG_0031.jpg
-119.879956611	34.4083427222	0	731	1017	IMG_0031.jpg
-119.880078485	34.4083666667	0	3608	2292	IMG_0037.jpg
-119.88008	34.4084121648	0	2040	1017	IMG_0046.jpg
-119.88016	34.4084133333	0	3472	1002	IMG_0052.jpg
-119.88014187	34.4085056852	0	1472	1110	IMG_0067.jpg
-119.880202519	34.4085033333	0	3910	916	IMG_0073.jpg
-119.880218062	34.4085845349	0	2020	2148	IMG_0073.jpg
-119.880342319	34.4085631703	0	3407	995	IMG_0088.jpg
-119.880325 34.4086234831 0 1082 764 IMG_0091.jpg
